1 0.8595890410958904 0.1971153846153846 0.1541095890410959 0.18990384615384615
1 0.863013698630137 0.19951923076923078 0.16095890410958905 0.1778846153846154
1 0.5034246575342466 0.16826923076923078 0.14726027397260275 0.18509615384615385
1 0.15753424657534246 0.25240384615384615 0.11643835616438356 0.15625
1 0.8732876712328768 0.5072115384615384 0.1232876712328767 0.15865384615384615
1 0.636986301369863 0.4326923076923077 0.1095890410958904 0.1201923076923077
1 0.5034246575342466 0.5 0.11301369863013698 0.13221153846153846
1 0.136986301369863 0.4855769230769231 0.13356164383561644 0.17067307692307693
1 0.8595890410958904 0.6923076923076923 0.11986301369863013 0.10817307692307693
1 0.702054794520548 0.6778846153846154 0.06506849315068493 0.08653846153846154
1 0.6027397260273972 0.7091346153846154 0.0821917808219178 0.11298076923076923
1 0.4828767123287671 0.7091346153846154 0.11643835616438356 0.13221153846153846
1 0.14726027397260275 0.6899038461538461 0.11301369863013698 0.11298076923076923