0 0.8664383561643836 0.0673076923076923 0.09246575342465753 0.11057692307692307
0 0.6472602739726028 0.1466346153846154 0.16095890410958905 0.20673076923076922
0 0.5308219178082192 0.22115384615384615 0.1267123287671233 0.13221153846153846
0 0.14726027397260275 0.18990384615384615 0.16095890410958905 0.21875
0 0.8664383561643836 0.44711538461538464 0.1232876712328767 0.22596153846153846
0 0.7808219178082192 0.49038461538461536 0.15753424657534246 0.1778846153846154
0 0.3287671232876712 0.4254807692307692 0.1404109589041096 0.1778846153846154
0 0.22945205479452055 0.43509615384615385 0.07191780821917808 0.13221153846153846
0 0.14726027397260275 0.4735576923076923 0.1267123287671233 0.18269230769230768
0 0.5171232876712328 0.6923076923076923 0.17465753424657535 0.17067307692307693
0 0.3938356164383562 0.6947115384615384 0.1232876712328767 0.1201923076923077
0 0.13013698630136986 0.6826923076923077 0.1232876712328767 0.13221153846153846