1 0.29152542372881357 0.07932692307692307 0.10508474576271186 0.12740384615384615
1 0.17627118644067796 0.10576923076923077 0.16610169491525423 0.19951923076923078
1 0.8949152542372881 0.3317307692307692 0.21016949152542372 0.18028846153846154
1 0.19661016949152543 0.3293269230769231 0.21016949152542372 0.18509615384615385
1 0.9050847457627119 0.5576923076923077 0.17627118644067796 0.18269230769230768
1 0.5830508474576271 0.5865384615384616 0.17288135593220338 0.1875
1 0.423728813559322 0.5168269230769231 0.09830508474576272 0.11778846153846154
1 0.19661016949152543 0.5240384615384616 0.1694915254237288 0.13701923076923078
1 0.15932203389830507 0.6370192307692307 0.14915254237288136 0.15144230769230768
1 0.5491525423728814 0.7427884615384616 0.13898305084745763 0.1778846153846154
1 0.15932203389830507 0.8774038461538461 0.09152542372881356 0.07932692307692307
1 0.8711864406779661 0.10096153846153846 0.15254237288135594 0.1658653846153846