0 0.8707482993197279 0.1201923076923077 0.1564625850340136 0.15865384615384615
0 0.7755102040816326 0.22355769230769232 0.16326530612244897 0.16105769230769232
0 0.4557823129251701 0.4206730769230769 0.10884353741496598 0.10096153846153846
0 0.2687074829931973 0.3629807692307692 0.1326530612244898 0.12740384615384615
0 0.1360544217687075 0.4014423076923077 0.14625850340136054 0.15144230769230768
0 0.08843537414965986 0.4639423076923077 0.1054421768707483 0.0673076923076923
0 0.8639455782312925 0.6875 0.16326530612244897 0.13221153846153846
0 0.4931972789115646 0.8701923076923077 0.14965986394557823 0.16105769230769232
0 0.35034013605442177 0.7932692307692307 0.1598639455782313 0.15384615384615385
0 0.16666666666666666 0.8557692307692307 0.16326530612244897 0.13221153846153846
0 0.09863945578231292 0.8197115384615384 0.07142857142857142 0.05048076923076923