1 0.1152542372881356 0.125 0.1864406779661017 0.22355769230769232
1 0.27796610169491526 0.14903846153846154 0.09491525423728814 0.1201923076923077
1 0.7932203389830509 0.13221153846153846 0.23728813559322035 0.25961538461538464
1 0.8305084745762712 0.46875 0.15932203389830507 0.15144230769230768
1 0.7423728813559322 0.4879807692307692 0.06779661016949153 0.07211538461538461
1 0.6169491525423729 0.4639423076923077 0.08813559322033898 0.11057692307692307
1 0.46440677966101696 0.47836538461538464 0.15254237288135594 0.17067307692307693
1 0.33559322033898303 0.44471153846153844 0.07457627118644068 0.10096153846153846
1 0.13220338983050847 0.53125 0.06440677966101695 0.0985576923076923
1 0.2711864406779661 0.6850961538461539 0.1016949152542373 0.14903846153846154
1 0.19322033898305085 0.6850961538461539 0.0576271186440678 0.07692307692307693
1 0.08813559322033898 0.6947115384615384 0.16610169491525423 0.16826923076923078
1 0.08135593220338982 0.8798076923076923 0.1423728813559322 0.19471153846153846
1 0.3898305084745763 0.8653846153846154 0.09152542372881356 0.125
1 0.6305084745762712 0.6947115384615384 0.11864406779661017 0.1346153846153846
1 0.6203389830508474 0.8918269230769231 0.14915254237288136 0.18990384615384615
1 0.8372881355932204 0.6947115384615384 0.1423728813559322 0.15865384615384615