0 0.8949152542372881 0.14182692307692307 0.1864406779661017 0.2091346153846154
0 0.5559322033898305 0.14903846153846154 0.17288135593220338 0.22115384615384615
0 0.43389830508474575 0.10576923076923077 0.1288135593220339 0.19471153846153846
0 0.34576271186440677 0.04807692307692308 0.07796610169491526 0.08413461538461539
0 0.14915254237288136 0.08413461538461539 0.1152542372881356 0.16826923076923078
0 0.16271186440677965 0.21153846153846154 0.14915254237288136 0.10096153846153846
0 0.39322033898305087 0.34375 0.10847457627118644 0.13221153846153846
0 0.22033898305084745 0.3317307692307692 0.09152542372881356 0.0985576923076923
0 0.15254237288135594 0.37740384615384615 0.12542372881355932 0.11778846153846154
0 0.8508474576271187 0.5360576923076923 0.11864406779661017 0.13942307692307693
0 0.43728813559322033 0.53125 0.10508474576271186 0.10096153846153846
0 0.16271186440677965 0.5384615384615384 0.09830508474576272 0.1201923076923077
0 0.9254237288135593 0.7427884615384616 0.14576271186440679 0.19951923076923078
0 0.6474576271186441 0.7067307692307693 0.11186440677966102 0.125
0 0.46779661016949153 0.8725961538461539 0.14915254237288136 0.19951923076923078
0 0.3389830508474576 0.7019230769230769 0.09152542372881356 0.11538461538461539
0 0.16610169491525423 0.7572115384615384 0.15254237288135594 0.2283653846153846