1 0.8135593220338984 0.30528846153846156 0.2 0.22596153846153846
1 0.7389830508474576 0.4206730769230769 0.14915254237288136 0.14903846153846154
1 0.46440677966101696 0.14423076923076922 0.2033898305084746 0.23798076923076922
1 0.2745762711864407 0.06009615384615385 0.0847457627118644 0.10817307692307693
1 0.08813559322033898 0.11298076923076923 0.17288135593220338 0.19951923076923078
1 0.27796610169491526 0.3269230769230769 0.08813559322033898 0.0889423076923077
1 0.10847457627118644 0.5360576923076923 0.14576271186440679 0.17548076923076922
1 0.847457627118644 0.75 0.10847457627118644 0.11298076923076923
1 0.5423728813559322 0.8774038461538461 0.19322033898305085 0.20432692307692307
1 0.36610169491525424 0.7524038461538461 0.13220338983050847 0.15144230769230768
1 0.11186440677966102 0.7572115384615384 0.21016949152542372 0.15625