1 0.8864406779661017 0.07091346153846154 0.2271186440677966 0.14182692307692307
1 0.735593220338983 0.1778846153846154 0.08813559322033898 0.11298076923076923
1 0.5491525423728814 0.0985576923076923 0.2033898305084746 0.19471153846153846
1 0.3694915254237288 0.12980769230769232 0.12542372881355932 0.13221153846153846
1 0.15593220338983052 0.20432692307692307 0.15932203389830507 0.2980769230769231
1 0.18305084745762712 0.45913461538461536 0.17966101694915254 0.17067307692307693
1 0.31186440677966104 0.4375 0.11864406779661017 0.11298076923076923
1 0.8169491525423729 0.4519230769230769 0.1864406779661017 0.16105769230769232
1 0.8745762711864407 0.6153846153846154 0.08135593220338982 0.09375
1 0.7864406779661017 0.8533653846153846 0.15254237288135594 0.17548076923076922
1 0.6169491525423729 0.6538461538461539 0.16610169491525423 0.18269230769230768
1 0.33559322033898303 0.8341346153846154 0.16610169491525423 0.19230769230769232
1 0.11864406779661017 0.8341346153846154 0.10508474576271186 0.12740384615384615
1 0.21694915254237288 0.6105769230769231 0.09830508474576272 0.10336538461538461