0 0.288135593220339 0.12259615384615384 0.16610169491525423 0.22355769230769232
0 0.17288135593220338 0.17067307692307693 0.15932203389830507 0.16346153846153846
0 0.7491525423728813 0.15865384615384615 0.1694915254237288 0.18509615384615385
0 0.8949152542372881 0.13221153846153846 0.17288135593220338 0.2283653846153846
0 0.8169491525423729 0.3293269230769231 0.18305084745762712 0.15384615384615385
0 0.2135593220338983 0.3389423076923077 0.17966101694915254 0.16105769230769232
0 0.2305084745762712 0.5360576923076923 0.17966101694915254 0.15865384615384615
0 0.6440677966101694 0.5120192307692307 0.15254237288135594 0.11298076923076923
0 0.29152542372881357 0.7019230769230769 0.09152542372881356 0.11298076923076923
0 0.20677966101694914 0.8581730769230769 0.16271186440677965 0.15384615384615385
0 0.4542372881355932 0.7379807692307693 0.2305084745762712 0.19471153846153846
0 0.9457627118644067 0.7283653846153846 0.08135593220338982 0.10576923076923077
0 0.8983050847457628 0.8100961538461539 0.14915254237288136 0.18028846153846154