0 0.8605442176870748 0.2644230769230769 0.10204081632653061 0.1201923076923077
0 0.5680272108843537 0.3557692307692308 0.13945578231292516 0.12740384615384615
0 0.42857142857142855 0.11538461538461539 0.1564625850340136 0.13701923076923078
0 0.3707482993197279 0.1875 0.08843537414965986 0.07692307692307693
0 0.8979591836734694 0.5817307692307693 0.1360544217687075 0.1201923076923077
0 0.43197278911564624 0.5841346153846154 0.1564625850340136 0.17307692307692307
0 0.3877551020408163 0.7475961538461539 0.1326530612244898 0.11057692307692307
0 0.3979591836734694 0.90625 0.1360544217687075 0.12259615384615384
0 0.8503401360544217 0.8870192307692307 0.16666666666666666 0.1658653846153846
0 0.8843537414965986 0.7355769230769231 0.14625850340136054 0.11778846153846154
0 0.7482993197278912 0.7427884615384616 0.15306122448979592 0.10817307692307693