1 0.8571428571428571 0.14182692307692307 0.12244897959183673 0.12259615384615384
1 0.7721088435374149 0.2403846153846154 0.1360544217687075 0.10096153846153846
1 0.30272108843537415 0.25721153846153844 0.1292517006802721 0.12980769230769232
1 0.8843537414965986 0.5168269230769231 0.10884353741496598 0.11057692307692307
1 0.782312925170068 0.5913461538461539 0.1054421768707483 0.12259615384615384
1 0.5170068027210885 0.5552884615384616 0.1292517006802721 0.12980769230769232
1 0.2619047619047619 0.5408653846153846 0.1564625850340136 0.15625
1 0.11564625850340136 0.5793269230769231 0.13945578231292516 0.15384615384615385
1 0.9013605442176871 0.7235576923076923 0.09183673469387756 0.0985576923076923
1 0.6190476190476191 0.7331730769230769 0.19387755102040816 0.1658653846153846
1 0.4013605442176871 0.7740384615384616 0.10204081632653061 0.11057692307692307
1 0.1292517006802721 0.8269230769230769 0.1326530612244898 0.17067307692307693
1 0.5782312925170068 0.8966346153846154 0.1326530612244898 0.10336538461538461
1 0.7448979591836735 0.9014423076923077 0.12244897959183673 0.12980769230769232
1 0.8843537414965986 0.875 0.1326530612244898 0.15625