1 0.8458904109589042 0.0985576923076923 0.1267123287671233 0.13942307692307693
1 0.797945205479452 0.2403846153846154 0.11643835616438356 0.10817307692307693
1 0.4280821917808219 0.13221153846153846 0.1267123287671233 0.10576923076923077
1 0.136986301369863 0.23076923076923078 0.11986301369863013 0.15384615384615385
1 0.8493150684931506 0.4110576923076923 0.1506849315068493 0.1658653846153846
1 0.4041095890410959 0.39663461538461536 0.11301369863013698 0.1201923076923077
1 0.2671232876712329 0.4519230769230769 0.1643835616438356 0.1658653846153846
1 0.13356164383561644 0.4014423076923077 0.07876712328767123 0.10817307692307693
1 0.8698630136986302 0.7043269230769231 0.10273972602739725 0.16105769230769232
1 0.5068493150684932 0.7355769230769231 0.0958904109589041 0.11778846153846154
1 0.4006849315068493 0.6298076923076923 0.0821917808219178 0.12740384615384615
1 0.3184931506849315 0.6658653846153846 0.08561643835616438 0.13942307692307693
1 0.1267123287671233 0.6394230769230769 0.1643835616438356 0.13942307692307693