0 0.7830508474576271 0.09615384615384616 0.10508474576271186 0.11538461538461539
0 0.1423728813559322 0.10576923076923077 0.1864406779661017 0.1875
0 0.8576271186440678 0.2620192307692308 0.1423728813559322 0.10817307692307693
0 0.6305084745762712 0.3004807692307692 0.17966101694915254 0.18028846153846154
0 0.43728813559322033 0.2956730769230769 0.17288135593220338 0.17548076923076922
0 0.12542372881355932 0.2860576923076923 0.22033898305084745 0.15865384615384615
0 0.8101694915254237 0.5216346153846154 0.16610169491525423 0.21875
0 0.13559322033898305 0.5240384615384616 0.19322033898305085 0.19951923076923078
0 0.8677966101694915 0.7860576923076923 0.10847457627118644 0.07932692307692307
0 0.7220338983050848 0.9302884615384616 0.10847457627118644 0.11298076923076923
0 0.6101694915254238 0.8173076923076923 0.16271186440677965 0.15865384615384615
0 0.34576271186440677 0.8149038461538461 0.15932203389830507 0.17067307692307693
0 0.07796610169491526 0.8990384615384616 0.08135593220338982 0.11778846153846154