1 0.4542372881355932 0.07932692307692307 0.2542372881355932 0.15384615384615385
1 0.15593220338983052 0.09134615384615384 0.13898305084745763 0.17548076923076922
1 0.13220338983050847 0.31009615384615385 0.15254237288135594 0.1658653846153846
1 0.8542372881355932 0.5576923076923077 0.1152542372881356 0.11538461538461539
1 0.6271186440677966 0.5576923076923077 0.11864406779661017 0.12740384615384615
1 0.8271186440677966 0.7764423076923077 0.17627118644067796 0.1778846153846154
1 0.6237288135593221 0.7620192307692307 0.11864406779661017 0.14423076923076922
1 0.4542372881355932 0.5961538461538461 0.2135593220338983 0.19230769230769232
1 0.2135593220338983 0.5673076923076923 0.16271186440677965 0.16105769230769232
1 0.13898305084745763 0.6346153846153846 0.11864406779661017 0.14423076923076922
1 0.9254237288135593 0.12740384615384615 0.14576271186440679 0.25240384615384615
1 0.6779661016949152 0.11298076923076923 0.15932203389830507 0.21394230769230768