0 0.43537414965986393 0.27163461538461536 0.12244897959183673 0.10096153846153846
0 0.5748299319727891 0.31971153846153844 0.08843537414965986 0.08413461538461539
0 0.12244897959183673 0.34134615384615385 0.12585034013605442 0.12259615384615384
0 0.8571428571428571 0.5144230769230769 0.14625850340136054 0.13701923076923078
0 0.6292517006802721 0.5552884615384616 0.1054421768707483 0.0985576923076923
0 0.3843537414965986 0.5697115384615384 0.10204081632653061 0.10817307692307693
0 0.282312925170068 0.5288461538461539 0.07142857142857142 0.07451923076923077
0 0.8367346938775511 0.71875 0.12585034013605442 0.11538461538461539
0 0.6496598639455783 0.9399038461538461 0.09863945578231292 0.09615384615384616
0 0.5034013605442177 0.6971153846153846 0.07142857142857142 0.06490384615384616
0 0.42517006802721086 0.7548076923076923 0.13945578231292516 0.12259615384615384
0 0.20068027210884354 0.7475961538461539 0.1564625850340136 0.1346153846153846