0 0.8372881355932204 0.08413461538461539 0.15254237288135594 0.16826923076923078
0 0.5491525423728814 0.0889423076923077 0.12542372881355932 0.15865384615384615
0 0.38305084745762713 0.07211538461538461 0.18305084745762712 0.14423076923076922
0 0.19661016949152543 0.33653846153846156 0.23389830508474577 0.13942307692307693
0 0.847457627118644 0.33413461538461536 0.1288135593220339 0.12259615384615384
0 0.8271186440677966 0.5216346153846154 0.23389830508474577 0.21394230769230768
0 0.5559322033898305 0.5024038461538461 0.18983050847457628 0.17548076923076922
0 0.5322033898305085 0.6971153846153846 0.17288135593220338 0.22596153846153846
0 0.37966101694915255 0.4855769230769231 0.13559322033898305 0.14903846153846154
0 0.15254237288135594 0.4951923076923077 0.16271186440677965 0.1658653846153846
0 0.3389830508474576 0.7451923076923077 0.20677966101694914 0.19230769230769232
0 0.16610169491525423 0.7403846153846154 0.13898305084745763 0.18509615384615385