0 0.9016949152542373 0.12259615384615384 0.09830508474576272 0.13701923076923078
0 0.8983050847457628 0.12259615384615384 0.14576271186440679 0.13701923076923078
0 0.5084745762711864 0.23798076923076922 0.20677966101694914 0.21153846153846154
0 0.29491525423728815 0.10576923076923077 0.10847457627118644 0.12740384615384615
0 0.8677966101694915 0.5408653846153846 0.2542372881355932 0.20432692307692307
0 0.2542372881355932 0.5552884615384616 0.2271186440677966 0.19471153846153846
0 0.9220338983050848 0.7692307692307693 0.13559322033898305 0.14903846153846154
0 0.15254237288135594 0.8822115384615384 0.1288135593220339 0.13221153846153846
0 0.1694915254237288 0.3581730769230769 0.1152542372881356 0.12980769230769232
0 0.15932203389830507 0.19230769230769232 0.17288135593220338 0.1778846153846154
0 0.49830508474576274 0.875 0.21016949152542372 0.17307692307692307