1 0.6258503401360545 0.3125 0.12585034013605442 0.1201923076923077
1 0.8945578231292517 0.53125 0.10884353741496598 0.11778846153846154
1 0.4557823129251701 0.2932692307692308 0.09523809523809523 0.125
1 0.11564625850340136 0.3701923076923077 0.09863945578231292 0.11298076923076923
1 0.24149659863945577 0.47836538461538464 0.11564625850340136 0.125
1 0.782312925170068 0.8725961538461539 0.0782312925170068 0.10096153846153846
1 0.54421768707483 0.9038461538461539 0.16326530612244897 0.14903846153846154
1 0.30612244897959184 0.9110576923076923 0.11564625850340136 0.12740384615384615
1 0.13945578231292516 0.8966346153846154 0.14625850340136054 0.13221153846153846
1 0.3979591836734694 0.6947115384615384 0.1326530612244898 0.12740384615384615
1 0.336734693877551 0.7620192307692307 0.10204081632653061 0.11057692307692307