1 0.847457627118644 0.125 0.1152542372881356 0.1201923076923077
1 0.44745762711864406 0.12980769230769232 0.11864406779661017 0.12740384615384615
1 0.847457627118644 0.3389423076923077 0.13220338983050847 0.14182692307692307
1 0.5220338983050847 0.34375 0.11864406779661017 0.11778846153846154
1 0.21694915254237288 0.3245192307692308 0.08813559322033898 0.0889423076923077
1 0.1423728813559322 0.3557692307692308 0.1152542372881356 0.14182692307692307
1 0.4135593220338983 0.5841346153846154 0.13898305084745763 0.15865384615384615
1 0.1694915254237288 0.5985576923076923 0.15254237288135594 0.19230769230769232
1 0.559322033898305 0.5673076923076923 0.11864406779661017 0.11778846153846154
1 0.8440677966101695 0.5865384615384616 0.1288135593220339 0.15865384615384615
1 0.7661016949152543 0.6081730769230769 0.13220338983050847 0.15144230769230768