1 0.8527397260273972 0.1658653846153846 0.1232876712328767 0.16105769230769232
1 0.839041095890411 0.2956730769230769 0.1267123287671233 0.10576923076923077
1 0.7054794520547946 0.12740384615384615 0.0958904109589041 0.09375
1 0.4931506849315068 0.12259615384615384 0.13013698630136986 0.0889423076923077
1 0.4726027397260274 0.2548076923076923 0.1404109589041096 0.15625
1 0.13356164383561644 0.18509615384615385 0.11301369863013698 0.2091346153846154
1 0.5 0.43028846153846156 0.1404109589041096 0.10576923076923077
1 0.1541095890410959 0.4639423076923077 0.11643835616438356 0.17067307692307693
1 0.1643835616438356 0.7259615384615384 0.1232876712328767 0.17307692307692307
1 0.1095890410958904 0.8653846153846154 0.16095890410958905 0.16346153846153846
1 0.863013698630137 0.7355769230769231 0.13013698630136986 0.20432692307692307
1 0.8527397260273972 0.46875 0.13013698630136986 0.17067307692307693
1 0.2705479452054795 0.43509615384615385 0.07191780821917808 0.06971153846153846