0 0.10273972602739725 0.21875 0.1267123287671233 0.13701923076923078
0 0.8938356164383562 0.125 0.14726027397260275 0.16346153846153846
0 0.5753424657534246 0.22115384615384615 0.14383561643835616 0.18269230769230768
0 0.6027397260273972 0.3918269230769231 0.1643835616438356 0.11538461538461539
0 0.863013698630137 0.41346153846153844 0.1267123287671233 0.17548076923076922
0 0.8595890410958904 0.6995192307692307 0.15753424657534246 0.18509615384615385
0 0.5376712328767124 0.7019230769230769 0.16095890410958905 0.19230769230769232
0 0.4383561643835616 0.7067307692307693 0.16095890410958905 0.1466346153846154
0 0.3150684931506849 0.6730769230769231 0.0821917808219178 0.12259615384615384
0 0.23972602739726026 0.7067307692307693 0.14383561643835616 0.16105769230769232
0 0.1678082191780822 0.7740384615384616 0.1541095890410959 0.27884615384615385