1 0.8197278911564626 0.21875 0.11904761904761904 0.11778846153846154
1 0.6292517006802721 0.25721153846153844 0.09523809523809523 0.08653846153846154
1 0.17006802721088435 0.11538461538461539 0.11564625850340136 0.10336538461538461
1 0.10884353741496598 0.20192307692307693 0.09863945578231292 0.12980769230769232
1 0.1598639455782313 0.36538461538461536 0.06462585034013606 0.06971153846153846
1 0.3299319727891156 0.6009615384615384 0.14625850340136054 0.1346153846153846
1 0.8401360544217688 0.5264423076923077 0.16326530612244897 0.13942307692307693
1 0.4523809523809524 0.7451923076923077 0.12244897959183673 0.10817307692307693
1 0.8741496598639455 0.8725961538461539 0.14285714285714285 0.12980769230769232
1 0.35034013605442177 0.8918269230769231 0.1054421768707483 0.11778846153846154
1 0.12585034013605442 0.8798076923076923 0.1360544217687075 0.125