1 0.7687074829931972 0.16346153846153846 0.16666666666666666 0.16346153846153846
1 0.5850340136054422 0.25 0.12244897959183673 0.125
1 0.8095238095238095 0.4807692307692308 0.11904761904761904 0.13942307692307693
1 0.5306122448979592 0.49759615384615385 0.1054421768707483 0.11778846153846154
1 0.8945578231292517 0.6850961538461539 0.1360544217687075 0.125
1 0.6836734693877551 0.7211538461538461 0.06802721088435375 0.09375
1 0.6190476190476191 0.7956730769230769 0.11904761904761904 0.1201923076923077
1 0.1836734693877551 0.5336538461538461 0.14285714285714285 0.11538461538461539
1 0.4387755102040816 0.5264423076923077 0.09523809523809523 0.09134615384615384
1 0.1870748299319728 0.6586538461538461 0.06802721088435375 0.07692307692307693
1 0.10884353741496598 0.7427884615384616 0.06462585034013606 0.07211538461538461
1 0.19727891156462585 0.9182692307692307 0.09863945578231292 0.11057692307692307
1 0.12585034013605442 0.8533653846153846 0.09863945578231292 0.11057692307692307