1 0.8983050847457628 0.11057692307692307 0.1423728813559322 0.16826923076923078
1 0.7898305084745763 0.12259615384615384 0.13559322033898305 0.16826923076923078
1 0.4067796610169492 0.14182692307692307 0.0711864406779661 0.09375
1 0.2033898305084746 0.10336538461538461 0.16610169491525423 0.18028846153846154
1 0.8915254237288136 0.43990384615384615 0.21016949152542372 0.2620192307692308
1 0.6101694915254238 0.7740384615384616 0.18305084745762712 0.25
1 0.6101694915254238 0.41346153846153844 0.2033898305084746 0.23557692307692307
1 0.45084745762711864 0.3485576923076923 0.1152542372881356 0.0889423076923077
1 0.39322033898305087 0.3798076923076923 0.07796610169491526 0.08653846153846154
1 0.17966101694915254 0.3701923076923077 0.16610169491525423 0.13221153846153846
1 0.4440677966101695 0.6105769230769231 0.09830508474576272 0.11538461538461539
1 0.1694915254237288 0.6370192307692307 0.13559322033898305 0.1466346153846154
1 0.15254237288135594 0.8004807692307693 0.10847457627118644 0.10817307692307693