0 0.8356164383561644 0.16105769230769232 0.0958904109589041 0.10576923076923077
0 0.5308219178082192 0.18990384615384615 0.08561643835616438 0.07451923076923077
0 0.4589041095890411 0.34375 0.05821917808219178 0.057692307692307696
0 0.19863013698630136 0.34134615384615385 0.13356164383561644 0.14423076923076922
0 0.863013698630137 0.53125 0.13356164383561644 0.14903846153846154
0 0.5582191780821918 0.53125 0.10616438356164383 0.12980769230769232
0 0.4520547945205479 0.4879807692307692 0.07191780821917808 0.10336538461538461
0 0.1404109589041096 0.5192307692307693 0.11643835616438356 0.17067307692307693
0 0.8493150684931506 0.6923076923076923 0.0684931506849315 0.0889423076923077
0 0.7671232876712328 0.7475961538461539 0.1095890410958904 0.13942307692307693
0 0.4349315068493151 0.7067307692307693 0.11301369863013698 0.11298076923076923
0 0.2808219178082192 0.7644230769230769 0.0958904109589041 0.09134615384615384
0 0.1815068493150685 0.7283653846153846 0.13013698630136986 0.13942307692307693