0 0.8813559322033898 0.13942307692307693 0.16610169491525423 0.22355769230769232
0 0.49491525423728816 0.34134615384615385 0.2 0.23076923076923078
0 0.26101694915254237 0.37259615384615385 0.1423728813559322 0.15865384615384615
0 0.8576271186440678 0.5456730769230769 0.12203389830508475 0.12740384615384615
0 0.4271186440677966 0.5552884615384616 0.16610169491525423 0.1466346153846154
0 0.13220338983050847 0.5456730769230769 0.09830508474576272 0.11778846153846154
0 0.1864406779661017 0.7884615384615384 0.20677966101694914 0.23557692307692307
0 0.4915254237288136 0.7596153846153846 0.11186440677966102 0.17548076923076922
0 0.6271186440677966 0.7764423076923077 0.1152542372881356 0.17307692307692307
0 0.9355932203389831 0.8100961538461539 0.11864406779661017 0.23557692307692307
0 0.14915254237288136 0.16346153846153846 0.09491525423728814 0.27403846153846156
0 0.34915254237288135 0.10096153846153846 0.08813559322033898 0.1466346153846154