1 0.8372881355932204 0.07932692307692307 0.13898305084745763 0.15384615384615385
1 0.7491525423728813 0.1346153846153846 0.1423728813559322 0.14903846153846154
1 0.423728813559322 0.0889423076923077 0.11186440677966102 0.14423076923076922
1 0.19661016949152543 0.11057692307692307 0.21016949152542372 0.22115384615384615
1 0.8576271186440678 0.3245192307692308 0.10847457627118644 0.11538461538461539
1 0.6644067796610169 0.3317307692307692 0.07796610169491526 0.10817307692307693
1 0.5661016949152542 0.31009615384615385 0.0576271186440678 0.08173076923076923
1 0.5254237288135594 0.3701923076923077 0.08135593220338982 0.1201923076923077
1 0.3220338983050847 0.3581730769230769 0.0847457627118644 0.15144230769230768
1 0.1423728813559322 0.3918269230769231 0.09152542372881356 0.12980769230769232
1 0.8542372881355932 0.5889423076923077 0.10847457627118644 0.21394230769230768
1 0.4711864406779661 0.8004807692307693 0.09152542372881356 0.17307692307692307
1 0.16610169491525423 0.6201923076923077 0.15593220338983052 0.27403846153846156