1 0.4406779661016949 0.08173076923076923 0.08135593220338982 0.12980769230769232
1 0.3050847457627119 0.10096153846153846 0.07796610169491526 0.1466346153846154
1 0.18983050847457628 0.1658653846153846 0.08135593220338982 0.125
1 0.1423728813559322 0.21875 0.10508474576271186 0.1778846153846154
1 0.6135593220338983 0.43990384615384615 0.10508474576271186 0.17067307692307693
1 0.4745762711864407 0.4110576923076923 0.1423728813559322 0.1778846153846154
1 0.14915254237288136 0.4182692307692308 0.13559322033898305 0.18269230769230768
1 0.17627118644067796 0.71875 0.13559322033898305 0.2548076923076923
1 0.8542372881355932 0.6778846153846154 0.13559322033898305 0.2091346153846154
1 0.5864406779661017 0.7043269230769231 0.1152542372881356 0.22596153846153846
1 0.488135593220339 0.7475961538461539 0.12542372881355932 0.2283653846153846