0 0.8942307692307693 0.1466346153846154 0.125 0.125
0 0.43028846153846156 0.15865384615384615 0.10096153846153846 0.1466346153846154
0 0.5769230769230769 0.14903846153846154 0.16346153846153846 0.13221153846153846
0 0.15625 0.1971153846153846 0.1658653846153846 0.22355769230769232
0 0.5432692307692307 0.30288461538461536 0.1201923076923077 0.13701923076923078
0 0.4014423076923077 0.4879807692307692 0.13221153846153846 0.11538461538461539
0 0.9038461538461539 0.4951923076923077 0.10336538461538461 0.13221153846153846
0 0.5432692307692307 0.5096153846153846 0.14423076923076922 0.15625
0 0.13942307692307693 0.5240384615384616 0.13701923076923078 0.19230769230769232
0 0.875 0.75 0.15865384615384615 0.16826923076923078
0 0.17307692307692307 0.7692307692307693 0.2091346153846154 0.21394230769230768
0 0.6394230769230769 0.28846153846153844 0.06009615384615385 0.055288461538461536
0 0.13221153846153846 0.3798076923076923 0.07692307692307693 0.057692307692307696