0 0.10576923076923077 0.1466346153846154 0.125 0.125
0 0.5697115384615384 0.15865384615384615 0.10096153846153846 0.1466346153846154
0 0.4230769230769231 0.14903846153846154 0.1658653846153846 0.13221153846153846
0 0.84375 0.1971153846153846 0.1658653846153846 0.22355769230769232
0 0.4567307692307692 0.30288461538461536 0.1201923076923077 0.13701923076923078
0 0.5985576923076923 0.4879807692307692 0.13221153846153846 0.11538461538461539
0 0.09615384615384616 0.4951923076923077 0.10336538461538461 0.13221153846153846
0 0.4567307692307692 0.5096153846153846 0.14423076923076922 0.15625
0 0.8605769230769231 0.5240384615384616 0.13701923076923078 0.19230769230769232
0 0.125 0.75 0.16105769230769232 0.16826923076923078
0 0.8269230769230769 0.7692307692307693 0.2091346153846154 0.21394230769230768
0 0.3605769230769231 0.28846153846153844 0.0625 0.055288461538461536
0 0.8677884615384616 0.3798076923076923 0.07451923076923077 0.057692307692307696