0 0.13221153846153846 0.7980769230769231 0.23076923076923078 0.15625
0 0.8413461538461539 0.7908653846153846 0.20432692307692307 0.14423076923076922
0 0.5865384615384616 0.6346153846153846 0.18269230769230768 0.12259615384615384
0 0.3125 0.5072115384615384 0.18269230769230768 0.11298076923076923
0 0.5240384615384616 0.375 0.12259615384615384 0.09375
0 0.6923076923076923 0.375 0.11298076923076923 0.09615384615384616
0 0.37259615384615385 0.3557692307692308 0.17067307692307693 0.13221153846153846
0 0.8485576923076923 0.3485576923076923 0.19471153846153846 0.14903846153846154
0 0.12740384615384615 0.34615384615384615 0.19471153846153846 0.14423076923076922
0 0.12259615384615384 0.9375 0.19471153846153846 0.11538461538461539
0 0.8365384615384616 0.9326923076923077 0.2091346153846154 0.1346153846153846