0 0.8677884615384616 0.20192307692307693 0.23076923076923078 0.15384615384615385
0 0.15865384615384615 0.2091346153846154 0.20673076923076922 0.14423076923076922
0 0.41346153846153844 0.36538461538461536 0.18269230769230768 0.12259615384615384
0 0.6875 0.49278846153846156 0.18269230769230768 0.11298076923076923
0 0.47596153846153844 0.625 0.12259615384615384 0.09375
0 0.3076923076923077 0.625 0.11298076923076923 0.09615384615384616
0 0.6274038461538461 0.6442307692307693 0.17067307692307693 0.13221153846153846
0 0.15144230769230768 0.6514423076923077 0.19471153846153846 0.14903846153846154
0 0.8725961538461539 0.6538461538461539 0.19471153846153846 0.14423076923076922
0 0.8774038461538461 0.0625 0.19471153846153846 0.11298076923076923
0 0.16346153846153846 0.0673076923076923 0.2091346153846154 0.1346153846153846