0 0.8557692307692307 0.8990384615384616 0.22355769230769232 0.1875
0 0.09134615384615384 0.84375 0.13701923076923078 0.09375
0 0.7163461538461539 0.7163461538461539 0.07211538461538461 0.07932692307692307
0 0.8461538461538461 0.6995192307692307 0.18028846153846154 0.14182692307692307
0 0.34615384615384615 0.6826923076923077 0.2091346153846154 0.16346153846153846
0 0.11778846153846154 0.6153846153846154 0.14423076923076922 0.07451923076923077
0 0.6826923076923077 0.9375 0.11298076923076923 0.11538461538461539
0 0.15384615384615385 0.36538461538461536 0.2692307692307692 0.13942307692307693
0 0.8173076923076923 0.3605769230769231 0.23557692307692307 0.14903846153846154
0 0.14182692307692307 0.22115384615384615 0.25 0.14903846153846154
0 0.8221153846153846 0.20673076923076922 0.22596153846153846 0.16105769230769232
0 0.17067307692307693 0.08173076923076923 0.2644230769230769 0.125