0 0.17307692307692307 0.16105769230769232 0.2283653846153846 0.20192307692307693
0 0.8125 0.14903846153846154 0.20432692307692307 0.17548076923076922
0 0.11538461538461539 0.38461538461538464 0.11298076923076923 0.17307692307692307
0 0.23557692307692307 0.38461538461538464 0.13942307692307693 0.17067307692307693
0 0.6442307692307693 0.375 0.11057692307692307 0.15625
0 0.75 0.3870192307692308 0.0985576923076923 0.16105769230769232
0 0.8557692307692307 0.38461538461538464 0.10817307692307693 0.17067307692307693
0 0.1971153846153846 0.6081730769230769 0.15144230769230768 0.22596153846153846
0 0.4014423076923077 0.5673076923076923 0.13942307692307693 0.1466346153846154
0 0.5673076923076923 0.5649038461538461 0.14903846153846154 0.16105769230769232
0 0.7259615384615384 0.5985576923076923 0.125 0.20673076923076922
0 0.8509615384615384 0.5961538461538461 0.12259615384615384 0.21634615384615385
0 0.8100961538461539 0.8798076923076923 0.20192307692307693 0.18990384615384615