0 0.0985576923076923 0.23317307692307693 0.10576923076923077 0.1778846153846154
0 0.10576923076923077 0.8317307692307693 0.0889423076923077 0.24278846153846154
0 0.23557692307692307 0.15865384615384615 0.07451923076923077 0.20673076923076922
0 0.21153846153846154 0.7932692307692307 0.038461538461538464 0.10096153846153846
0 0.28125 0.8076923076923077 0.0985576923076923 0.27163461538461536
0 0.31009615384615385 0.22115384615384615 0.07211538461538461 0.22355769230769232
0 0.37740384615384615 0.19471153846153846 0.0625 0.20192307692307693
0 0.43990384615384615 0.16346153846153846 0.06490384615384616 0.20192307692307693
0 0.6153846153846154 0.20192307692307693 0.1201923076923077 0.2283653846153846
0 0.7331730769230769 0.17067307692307693 0.11298076923076923 0.22596153846153846
0 0.8966346153846154 0.49038461538461536 0.10096153846153846 0.21875