0 0.15625 0.18028846153846154 0.1971153846153846 0.125
0 0.4375 0.15144230769230768 0.15625 0.18028846153846154
0 0.16826923076923078 0.35096153846153844 0.22355769230769232 0.18509615384615385
0 0.35096153846153844 0.35096153846153844 0.14423076923076922 0.18509615384615385
0 0.5144230769230769 0.35096153846153844 0.18028846153846154 0.18509615384615385
0 0.3389423076923077 0.5360576923076923 0.17307692307692307 0.15865384615384615
0 0.5096153846153846 0.5336538461538461 0.17548076923076922 0.15384615384615385
0 0.2644230769230769 0.8076923076923077 0.125 0.15865384615384615
0 0.12980769230769232 0.8605769230769231 0.14423076923076922 0.22596153846153846
0 0.5600961538461539 0.13701923076923078 0.09375 0.15625
0 0.6778846153846154 0.5576923076923077 0.1466346153846154 0.1971153846153846
0 0.8221153846153846 0.5096153846153846 0.04567307692307692 0.06490384615384616
0 0.8677884615384616 0.5528846153846154 0.04326923076923077 0.06971153846153846