0 0.13942307692307693 0.8918269230769231 0.16346153846153846 0.18028846153846154
0 0.59375 0.6442307692307693 0.15625 0.17067307692307693
0 0.7620192307692307 0.8269230769230769 0.13942307692307693 0.21394230769230768
0 0.8870192307692307 0.7884615384615384 0.10576923076923077 0.18990384615384615
0 0.875 0.59375 0.13221153846153846 0.12740384615384615
0 0.8557692307692307 0.4423076923076923 0.17067307692307693 0.14182692307692307
0 0.30288461538461536 0.43028846153846156 0.08413461538461539 0.11778846153846154
0 0.21634615384615385 0.4519230769230769 0.0889423076923077 0.125
0 0.125 0.44471153846153844 0.07932692307692307 0.14182692307692307
0 0.16346153846153846 0.2692307692307692 0.15384615384615385 0.1778846153846154
0 0.6105769230769231 0.2980769230769231 0.11778846153846154 0.11778846153846154
0 0.7764423076923077 0.2956730769230769 0.11298076923076923 0.12740384615384615
0 0.8894230769230769 0.1201923076923077 0.10336538461538461 0.11538461538461539