0 0.8605769230769231 0.8918269230769231 0.16346153846153846 0.18028846153846154
0 0.40625 0.6442307692307693 0.15625 0.17067307692307693
0 0.23798076923076922 0.8269230769230769 0.13942307692307693 0.21394230769230768
0 0.11298076923076923 0.7884615384615384 0.10817307692307693 0.18990384615384615
0 0.125 0.59375 0.13221153846153846 0.12740384615384615
0 0.14423076923076922 0.4423076923076923 0.17067307692307693 0.14182692307692307
0 0.6971153846153846 0.43028846153846156 0.08653846153846154 0.11778846153846154
0 0.7836538461538461 0.4519230769230769 0.0889423076923077 0.125
0 0.875 0.44471153846153844 0.07932692307692307 0.14182692307692307
0 0.8365384615384616 0.2692307692307692 0.15384615384615385 0.1778846153846154
0 0.3894230769230769 0.2980769230769231 0.11778846153846154 0.11778846153846154
0 0.22355769230769232 0.2956730769230769 0.11298076923076923 0.12740384615384615
0 0.11057692307692307 0.1201923076923077 0.10336538461538461 0.11538461538461539