0 0.84375 0.8197115384615384 0.1971153846153846 0.125
0 0.5625 0.8485576923076923 0.15384615384615385 0.18028846153846154
0 0.8317307692307693 0.6490384615384616 0.22355769230769232 0.18509615384615385
0 0.6490384615384616 0.6490384615384616 0.14423076923076922 0.18509615384615385
0 0.4855769230769231 0.6490384615384616 0.18269230769230768 0.18509615384615385
0 0.6610576923076923 0.4639423076923077 0.17307692307692307 0.15865384615384615
0 0.49038461538461536 0.46634615384615385 0.17548076923076922 0.15384615384615385
0 0.7355769230769231 0.19230769230769232 0.125 0.15865384615384615
0 0.8701923076923077 0.13942307692307693 0.14423076923076922 0.22596153846153846
0 0.43990384615384615 0.8629807692307693 0.09375 0.15625
0 0.32211538461538464 0.4423076923076923 0.1466346153846154 0.1971153846153846
0 0.1778846153846154 0.49038461538461536 0.04567307692307692 0.06490384615384616
0 0.13221153846153846 0.44711538461538464 0.04567307692307692 0.06971153846153846