0 0.3317307692307692 0.875 0.07211538461538461 0.13701923076923078
0 0.46153846153846156 0.8485576923076923 0.17548076923076922 0.18990384615384615
0 0.22355769230769232 0.6177884615384616 0.23076923076923078 0.14903846153846154
0 0.8197115384615384 0.5961538461538461 0.15384615384615385 0.19471153846153846
0 0.375 0.2860576923076923 0.11778846153846154 0.15144230769230768
0 0.84375 0.28365384615384615 0.10096153846153846 0.15144230769230768
0 0.5144230769230769 0.28365384615384615 0.125 0.15384615384615385
0 0.6418269230769231 0.27884615384615385 0.11778846153846154 0.16105769230769232
0 0.84375 0.11057692307692307 0.10096153846153846 0.12259615384615384
0 0.5360576923076923 0.08413461538461539 0.07932692307692307 0.08173076923076923
0 0.15865384615384615 0.90625 0.07932692307692307 0.06490384615384616