0 0.6682692307692307 0.875 0.07211538461538461 0.13701923076923078
0 0.5384615384615384 0.8485576923076923 0.17548076923076922 0.18990384615384615
0 0.7764423076923077 0.6177884615384616 0.23076923076923078 0.14903846153846154
0 0.18028846153846154 0.5961538461538461 0.15384615384615385 0.19471153846153846
0 0.625 0.2860576923076923 0.11778846153846154 0.15144230769230768
0 0.15625 0.28365384615384615 0.10096153846153846 0.15144230769230768
0 0.4855769230769231 0.28365384615384615 0.125 0.15384615384615385
0 0.3581730769230769 0.27884615384615385 0.11778846153846154 0.16105769230769232
0 0.15625 0.11057692307692307 0.10096153846153846 0.12259615384615384
0 0.4639423076923077 0.08413461538461539 0.07932692307692307 0.08173076923076923
0 0.8413461538461539 0.90625 0.07932692307692307 0.06490384615384616