0 0.3581730769230769 0.375 0.1466346153846154 0.11298076923076923
0 0.16346153846153846 0.3798076923076923 0.22115384615384615 0.1201923076923077
0 0.9038461538461539 0.59375 0.14423076923076922 0.10576923076923077
0 0.8605769230769231 0.055288461538461536 0.21153846153846154 0.11057692307692307
0 0.6298076923076923 0.0625 0.17548076923076922 0.12259615384615384
0 0.29086538461538464 0.06971153846153846 0.17307692307692307 0.13942307692307693
0 0.8701923076923077 0.7379807692307693 0.22596153846153846 0.11298076923076923
0 0.17307692307692307 0.75 0.23076923076923078 0.12740384615384615
0 0.6730769230769231 0.75 0.14423076923076922 0.0889423076923077
0 0.45913461538461536 0.07692307692307693 0.15144230769230768 0.15144230769230768
0 0.125 0.07692307692307693 0.1466346153846154 0.1466346153846154
0 0.16346153846153846 0.8990384615384616 0.2091346153846154 0.1658653846153846
0 0.7980769230769231 0.1346153846153846 0.08653846153846154 0.038461538461538464