0 0.4807692307692308 0.21153846153846154 0.14182692307692307 0.10817307692307693
0 0.13942307692307693 0.28846153846153844 0.19230769230769232 0.12259615384615384
0 0.8557692307692307 0.43509615384615385 0.18990384615384615 0.11057692307692307
0 0.14423076923076922 0.44711538461538464 0.2091346153846154 0.125
0 0.14903846153846154 0.04807692307692308 0.16346153846153846 0.09615384615384616
0 0.8701923076923077 0.5456730769230769 0.16346153846153846 0.09615384615384616
0 0.1466346153846154 0.5697115384615384 0.23076923076923078 0.11298076923076923
0 0.3269230769230769 0.06971153846153846 0.15384615384615385 0.13942307692307693
0 0.45913461538461536 0.7115384615384616 0.125 0.11778846153846154
0 0.23076923076923078 0.7259615384615384 0.3245192307692308 0.14182692307692307
0 0.625 0.7283653846153846 0.18509615384615385 0.14903846153846154
0 0.8389423076923077 0.7283653846153846 0.22596153846153846 0.14903846153846154
0 0.8413461538461539 0.07692307692307693 0.22596153846153846 0.15384615384615385
0 0.5192307692307693 0.07692307692307693 0.2091346153846154 0.15384615384615385
0 0.5889423076923077 0.8413461538461539 0.11298076923076923 0.07211538461538461
0 0.20192307692307693 0.8990384615384616 0.3245192307692308 0.20192307692307693
0 0.6971153846153846 0.40865384615384615 0.10096153846153846 0.06009615384615385