0 0.9158653846153846 0.10336538461538461 0.11538461538461539 0.08173076923076923
0 0.125 0.20432692307692307 0.14182692307692307 0.12740384615384615
0 0.9038461538461539 0.20673076923076922 0.16105769230769232 0.1201923076923077
0 0.7019230769230769 0.3485576923076923 0.10576923076923077 0.10096153846153846
0 0.5408653846153846 0.3557692307692308 0.2091346153846154 0.11538461538461539
0 0.8701923076923077 0.3701923076923077 0.22355769230769232 0.14182692307692307
0 0.32211538461538464 0.3701923076923077 0.20432692307692307 0.14182692307692307
0 0.13221153846153846 0.4254807692307692 0.16346153846153846 0.17067307692307693
0 0.5120192307692307 0.4831730769230769 0.15625 0.12259615384615384
0 0.49759615384615385 0.0625 0.23557692307692307 0.12259615384615384
0 0.14903846153846154 0.6682692307692307 0.1971153846153846 0.12259615384615384
0 0.37740384615384615 0.6778846153846154 0.21875 0.13701923076923078
0 0.22355769230769232 0.06971153846153846 0.3076923076923077 0.13701923076923078
0 0.6009615384615384 0.6850961538461539 0.2091346153846154 0.14903846153846154
0 0.8365384615384616 0.6850961538461539 0.24759615384615385 0.1466346153846154
0 0.5793269230769231 0.9158653846153846 0.17548076923076922 0.15384615384615385
0 0.46875 0.23076923076923078 0.0889423076923077 0.07692307692307693
0 0.2403846153846154 0.23076923076923078 0.06971153846153846 0.07451923076923077
0 0.6538461538461539 0.055288461538461536 0.06971153846153846 0.07692307692307693
0 0.10817307692307693 0.7644230769230769 0.11538461538461539 0.06490384615384616