0 0.6009615384615384 0.9567307692307693 0.11298076923076923 0.08173076923076923
0 0.7451923076923077 0.13942307692307693 0.09615384615384616 0.04567307692307692
0 0.7884615384615384 0.21153846153846154 0.10576923076923077 0.08653846153846154
0 0.5336538461538461 0.21634615384615385 0.08653846153846154 0.07692307692307693
0 0.10576923076923077 0.22115384615384615 0.09375 0.06971153846153846
0 0.8461538461538461 0.3798076923076923 0.3076923076923077 0.19230769230769232
0 0.18990384615384615 0.43028846153846156 0.20673076923076922 0.14182692307692307
0 0.7451923076923077 0.5336538461538461 0.1778846153846154 0.10096153846153846
0 0.8990384615384616 0.04807692307692308 0.1466346153846154 0.09615384615384616
0 0.6394230769230769 0.057692307692307696 0.3581730769230769 0.11538461538461539
0 0.6081730769230769 0.6586538461538461 0.16826923076923078 0.09134615384615384
0 0.3701923076923077 0.6706730769230769 0.13701923076923078 0.0673076923076923
0 0.3798076923076923 0.07211538461538461 0.15865384615384615 0.13221153846153846
0 0.7548076923076923 0.7836538461538461 0.24759615384615385 0.14182692307692307
0 0.4951923076923077 0.7884615384615384 0.17067307692307693 0.11057692307692307
0 0.15865384615384615 0.9134615384615384 0.20192307692307693 0.17067307692307693