0 0.875 0.18028846153846154 0.15144230769230768 0.10096153846153846
0 0.40384615384615385 0.20673076923076922 0.18509615384615385 0.11538461538461539
0 0.18028846153846154 0.22115384615384615 0.24759615384615385 0.08653846153846154
0 0.6153846153846154 0.3557692307692308 0.23557692307692307 0.12259615384615384
0 0.3942307692307692 0.3605769230769231 0.19951923076923078 0.13221153846153846
0 0.84375 0.3605769230769231 0.21394230769230768 0.13701923076923078
0 0.1658653846153846 0.375 0.2548076923076923 0.15625
0 0.5504807692307693 0.44711538461538464 0.10096153846153846 0.052884615384615384
0 0.1778846153846154 0.05048076923076923 0.23798076923076922 0.10096153846153846
0 0.8701923076923077 0.0625 0.21153846153846154 0.125
0 0.8076923076923077 0.7307692307692307 0.27884615384615385 0.0889423076923077
0 0.40865384615384615 0.07451923076923077 0.18509615384615385 0.13701923076923078
0 0.5552884615384616 0.7596153846153846 0.17548076923076922 0.14903846153846154
0 0.21634615384615385 0.7644230769230769 0.23076923076923078 0.14903846153846154
0 0.8028846153846154 0.9278846153846154 0.29086538461538464 0.13942307692307693
0 0.10096153846153846 0.9471153846153846 0.12259615384615384 0.08653846153846154