0 0.8653846153846154 0.27884615384615385 0.24278846153846154 0.11298076923076923
0 0.6033653846153846 0.28125 0.2644230769230769 0.10817307692307693
0 0.1201923076923077 0.28846153846153844 0.1201923076923077 0.07932692307692307
0 0.3269230769230769 0.2980769230769231 0.09375 0.07211538461538461
0 0.90625 0.41586538461538464 0.16105769230769232 0.09375
0 0.6778846153846154 0.4423076923076923 0.17307692307692307 0.14182692307692307
0 0.3245192307692308 0.4855769230769231 0.14903846153846154 0.125
0 0.8413461538461539 0.5192307692307693 0.14903846153846154 0.07932692307692307
0 0.8942307692307693 0.052884615384615384 0.14903846153846154 0.09375
0 0.6057692307692307 0.06009615384615385 0.25721153846153844 0.1201923076923077
0 0.3701923076923077 0.07211538461538461 0.1778846153846154 0.14423076923076922
0 0.8774038461538461 0.7427884615384616 0.19471153846153846 0.14423076923076922
0 0.16346153846153846 0.07932692307692307 0.20432692307692307 0.15865384615384615
0 0.21153846153846154 0.9182692307692307 0.24519230769230768 0.1466346153846154